19
66 BREW -2 -1 0 -1 12 3 4 0 0
47 BREW -3 0 -2 0 10 1 4 0 0
71 BREW -2 0 -2 -2 17 0 0 0 0
76 BREW -1 -1 -3 -1 18 0 0 0 0
52 BREW -3 0 0 -2 11 0 0 0 0
27 LEARN 1 2 -1 0 0 0 0 0 1
38 LEARN -2 2 0 0 0 1 0 0 1
12 LEARN 2 1 0 0 0 2 0 0 0
11 LEARN -4 0 2 0 0 3 0 0 1
9 LEARN 2 -3 2 0 0 4 0 0 1
36 LEARN 0 -3 3 0 0 5 0 0 1
78 CAST 2 0 0 0 0 -1 -1 1 0
79 CAST -1 1 0 0 0 -1 -1 1 0
80 CAST 0 -1 1 0 0 -1 -1 1 0
81 CAST 0 0 -1 1 0 -1 -1 1 0
82 OPPONENT_CAST 2 0 0 0 0 -1 -1 1 0
83 OPPONENT_CAST -1 1 0 0 0 -1 -1 1 0
84 OPPONENT_CAST 0 -1 1 0 0 -1 -1 1 0
85 OPPONENT_CAST 0 0 -1 1 0 -1 -1 1 0
3 0 0 0 0
3 0 0 0 0